1	āryā (12, 18, 12, 15)
2	āryā (12, 18, 12, 15)
3	āryā (12, 18, 12, 15)
4	āryā (12, 18, 12, 15)
5	āryā (12, 18, 12, 15)
6	āryā (12, 18, 12, 15)
7	āryā (12, 18, 12, 15)
8	āryā (12, 18, 12, 15)
9	āryā (12, 18, 12, 15)
10	āryā (12, 18, 12, 15)
11	āryā (12, 18, 12, 15)
12	āryā (12, 18, 12, 15)
13	āryā (12, 18, 12, 15)
14	āryā (12, 18, 12, 15)
15	āryā (12, 18, 12, 15)
16	āryā (12, 18, 12, 15)
17	āryā (12, 18, 12, 15)
18	āryā (12, 18, 12, 15)
19	āryā (12, 18, 12, 15)
20	āryā (12, 18, 12, 15)
21	āryā (12, 18, 12, 15)
22	āryā (12, 18, 12, 15)
23	āryā (12, 18, 12, 15)
24	āryā (12, 18, 12, 15)
25	āryā (12, 18, 12, 15)
26	āryā (12, 18, 12, 15)
27	āryā (12, 18, 12, 15)
28	āryā (12, 18, 12, 15)
29	āryā (12, 18, 12, 15)
30	āryā (12, 18, 12, 15)
31	āryā (12, 18, 12, 15)
32	āryā (12, 18, 12, 15)
33	āryā (12, 18, 12, 15)
34	āryā (12, 18, 12, 15)
35	āryā (12, 18, 12, 15)
36	āryā (12, 18, 12, 15)
37	āryā (12, 18, 12, 15)
38	āryā (12, 18, 12, 15)
39	āryā (12, 18, 12, 15)
40	āryā (12, 18, 12, 15)
41	āryā (12, 18, 12, 15)
42	āryā (12, 18, 12, 15)
43	āryā (12, 18, 12, 15)
44	āryā (12, 18, 12, 15)
45	āryā (12, 18, 12, 15)
46	āryā (12, 18, 12, 15)
47	āryā (12, 18, 12, 15)
48	āryā (12, 18, 12, 15)
49	āryā (12, 18, 12, 15)
50	āryā (12, 18, 12, 15)
51	āryā (12, 18, 12, 15)
52	āryā (12, 18, 12, 15)
53	āryā (12, 18, 12, 15)
54	āryā (12, 18, 12, 15)
55	āryā (12, 18, 12, 15)
56	āryā (12, 18, 12, 15)
57	āryā (12, 18, 12, 15)
58	āryā (12, 18, 12, 15)
59	āryā (12, 18, 12, 15)
60	āryā (12, 18, 12, 15)
61	āryā (12, 18, 12, 15)
62	āryā (12, 18, 12, 15)
63	āryā (12, 18, 12, 15)
64	āryā (12, 18, 12, 15)
65	āryā (12, 18, 12, 15)
66	āryā (12, 18, 12, 15)
67	āryā (12, 18, 12, 15)
68	āryā (12, 18, 12, 15)
69	āryā (12, 18, 12, 15)
70	āryā (12, 18, 12, 15)
71	āryā (12, 18, 12, 15)
72	āryā (12, 18, 12, 15)
73	āryā (12, 18, 12, 15)
74	āryā (12, 18, 12, 15)
75	āryā (12, 18, 12, 15)
76	āryā (12, 18, 12, 15)
77	āryā (12, 18, 12, 15)
78	āryā (12, 18, 12, 15)
79	āryā (12, 18, 12, 15)
80	āryā (12, 18, 12, 15)
81	āryā (12, 18, 12, 15)
82	āryā (12, 18, 12, 15)
83	āryā (12, 18, 12, 15)
84	āryā (12, 18, 12, 15)
85	āryā (12, 18, 12, 15)
86	āryā (12, 18, 12, 15)
87	āryā (12, 18, 12, 15)
88	āryā (12, 18, 12, 15)
89	āryā (12, 18, 12, 15)
90	āryā (12, 18, 12, 15)
91	āryā (12, 18, 12, 15)
92	āryā (12, 18, 12, 15)
93	āryā (12, 18, 12, 15)
94	āryā (12, 18, 12, 15)
95	āryā (12, 18, 12, 15)
96	āryā (12, 18, 12, 15)
97	āryā (12, 18, 12, 15)
98	āryā (12, 18, 12, 15)
99	āryā (12, 18, 12, 15)
100	āryā (12, 18, 12, 15)
101	āryā (12, 18, 12, 15)
102	āryā (12, 18, 12, 15)
103	āryā (12, 18, 12, 15)
104	āryā (12, 18, 12, 15)
105	āryā (12, 18, 12, 15)
106	āryā (12, 18, 12, 15)
107	āryā (12, 18, 12, 15)
108	āryā (12, 18, 12, 15)
109	āryā (12, 18, 12, 15)
110	āryā (12, 18, 12, 15)
111	āryā (12, 18, 12, 15)
112	āryā (12, 18, 12, 15)
113	āryā (12, 18, 12, 15)
114	āryā (12, 18, 12, 15)
115	āryā (12, 18, 12, 15)
116	āryā (12, 18, 12, 15)
117	āryā (12, 18, 12, 15)
118	āryā (12, 18, 12, 15)
119	āryā (12, 18, 12, 15)
120	āryā (12, 18, 12, 15)
121	āryā (12, 18, 12, 15)
122	āryā (12, 18, 12, 15)
123	āryā (12, 18, 12, 15)
124	āryā (12, 18, 12, 15)
125	āryā (12, 18, 12, 15)
126	āryā (12, 18, 12, 15)
127	āryā (12, 18, 12, 15)
128	āryā (12, 18, 12, 15)
129	āryā (12, 18, 12, 15)
130	āryā (12, 18, 12, 15)
131	āryā (12, 18, 12, 15)
132	āryā (12, 18, 12, 15)
133	āryā (12, 18, 12, 15)
134	āryā (12, 18, 12, 15)
135	āryā (12, 18, 12, 15)
136	āryā (12, 18, 12, 15)
137	āryā (12, 18, 12, 15)
138	āryā (12, 18, 12, 15)
139	āryā (12, 18, 12, 15)
140	āryā (12, 18, 12, 15)
141	āryā (12, 18, 12, 15)
142	āryā (12, 18, 12, 15)
143	āryā (12, 18, 12, 15)
144	āryā (12, 18, 12, 15)
145	āryā (12, 18, 12, 15)
146	āryā (12, 18, 12, 15)
147	āryā (12, 18, 12, 15)
148	āryā (12, 18, 12, 15)
149	āryā (12, 18, 12, 15)
150	āryā (12, 18, 12, 15)
151	āryā (12, 18, 12, 15)
152	āryā (12, 18, 12, 15)
153	āryā (12, 18, 12, 15)
154	āryā (12, 18, 12, 15)
155	āryā (12, 18, 12, 15)
156	āryā (12, 18, 12, 15)
157	āryā (12, 18, 12, 15)
158	āryā (12, 18, 12, 15)
159	āryā (12, 18, 12, 15)
160	āryā (12, 18, 12, 15)
161	āryā (12, 18, 12, 15)
162	āryā (12, 18, 12, 15)
163	āryā (12, 18, 12, 15)
164	āryā (12, 18, 12, 15)
165	āryā (12, 18, 12, 15)
166	āryā (12, 18, 12, 15)
167	āryā (12, 18, 12, 15)
168	āryā (12, 18, 12, 15)
169	āryā (12, 18, 12, 15)
170	āryā (12, 18, 12, 15)
171	āryā (12, 18, 12, 15)
172	āryā (12, 18, 12, 15)
173	āryā (12, 18, 12, 15)
174	āryā (12, 18, 12, 15)
175	āryā (12, 18, 12, 15)
176	āryā (12, 18, 12, 15)
177	āryā (12, 18, 12, 15)
178	āryā (12, 18, 12, 15)
179	āryā (12, 18, 12, 15)
180	āryā (12, 18, 12, 15)
181	āryā (12, 18, 12, 15)
182	āryā (12, 18, 12, 15)
183	āryā (12, 18, 12, 15)
184	āryā (12, 18, 12, 15)
185	āryā (12, 18, 12, 15)
186	āryā (12, 18, 12, 15)
187	āryā (12, 18, 12, 15)
188	āryā (12, 18, 12, 15)
189	āryā (12, 18, 12, 15)
190	āryā (12, 18, 12, 15)
191	āryā (12, 18, 12, 15)
192	āryā (12, 18, 12, 15)
193	āryā (12, 18, 12, 15)
194	āryā (12, 18, 12, 15)
195	āryā (12, 18, 12, 15)
196	āryā (12, 18, 12, 15)
197	āryā (12, 18, 12, 15)
198	āryā (12, 18, 12, 15)
199	āryā (12, 18, 12, 15)
200	āryā (12, 18, 12, 15)
201	āryā (12, 18, 12, 15)
202	āryā (12, 18, 12, 15)
203	āryā (12, 18, 12, 15)
204	āryā (12, 18, 12, 15)
205	āryā (12, 18, 12, 15)
206	āryā (12, 18, 12, 15)
207	āryā (12, 18, 12, 15)
208	āryā (12, 18, 12, 15)
209	āryā (12, 18, 12, 15)
210	āryā (12, 18, 12, 15)
211	āryā (12, 18, 12, 15)
212	āryā (12, 18, 12, 15)
213	āryā (12, 18, 12, 15)
214	āryā (12, 18, 12, 15)
215	āryā (12, 18, 12, 15)
216	āryā (12, 18, 12, 15)
217	āryā (12, 18, 12, 15)
218	āryā (12, 18, 12, 15)
219	āryā (12, 18, 12, 15)
220	āryā (12, 18, 12, 15)
221	āryā (12, 18, 12, 15)
222	āryā (12, 18, 12, 15)
223	āryā (12, 18, 12, 15)
224	āryā (12, 18, 12, 15)
225	āryā (12, 18, 12, 15)
226	āryā (12, 18, 12, 15)
227	āryā (12, 18, 12, 15)
228	āryā (12, 18, 12, 15)
229	āryā (12, 18, 12, 15)
230	āryā (12, 18, 12, 15)
231	āryā (12, 18, 12, 15)
232	āryā (12, 18, 12, 15)
233	āryā (12, 18, 12, 15)
234	āryā (12, 18, 12, 15)
235	āryā (12, 18, 12, 15)
236	āryā (12, 18, 12, 15)
237	āryā (12, 18, 12, 15)
238	āryā (12, 18, 12, 15)
239	āryā (12, 18, 12, 15)
240	āryā (12, 18, 12, 15)
241	āryā (12, 18, 12, 15)
242	āryā (12, 18, 12, 15)
243	āryā (12, 18, 12, 15)
244	āryā (12, 18, 12, 15)
245	āryā (12, 18, 12, 15)
246	āryā (12, 18, 12, 15)
247	āryā (12, 18, 12, 15)
248	āryā (12, 18, 12, 15)
249	āryā (12, 18, 12, 15)
250	āryā (12, 18, 12, 15)
251	āryā (12, 18, 12, 15)
252	āryā (12, 18, 12, 15)
253	āryā (12, 18, 12, 15)
254	āryā (12, 18, 12, 15)
255	āryā (12, 18, 12, 15)
256	āryā (12, 18, 12, 15)
257	āryā (12, 18, 12, 15)
258	āryā (12, 18, 12, 15)
259	āryā (12, 18, 12, 15)
260	āryā (12, 18, 12, 15)
261	āryā (12, 18, 12, 15)
262	āryā (12, 18, 12, 15)
263	āryā (12, 18, 12, 15)
264	āryā (12, 18, 12, 15)
265	āryā (12, 18, 12, 15)
266	āryā (12, 18, 12, 15)
267	āryā (12, 18, 12, 15)
268	āryā (12, 18, 12, 15)
269	āryā (12, 18, 12, 15)
270	āryā (12, 18, 12, 15)
271	āryā (12, 18, 12, 15)
272	āryā (12, 18, 12, 15)
273	āryā (12, 18, 12, 15)
274	gīti (12, 18, 12, 18)
275	āryā (12, 18, 12, 15)
276	āryā (12, 18, 12, 15)
277	āryā (12, 18, 12, 15)
278	āryā (12, 18, 12, 15)
279	āryā (12, 18, 12, 15)
280	āryā (12, 18, 12, 15)
281	āryā (12, 18, 12, 15)
282	āryā (12, 18, 12, 15)
283	āryā (12, 18, 12, 15)
284	āryā (12, 18, 12, 15)
285	āryā (12, 18, 12, 15)
286	āryā (12, 18, 12, 15)
287	āryā (12, 18, 12, 15)
288	āryā (12, 18, 12, 15)
289	āryā (12, 18, 12, 15)
290	āryā (12, 18, 12, 15)
291	āryā (12, 18, 12, 15)
292	āryā (12, 18, 12, 15)
293	āryā (12, 18, 12, 15)
294	āryā (12, 18, 12, 15)
295	āryā (12, 18, 12, 15)
296	āryā (12, 18, 12, 15)
297	āryā (12, 18, 12, 15)
298	āryā (12, 18, 12, 15)
299	āryā (12, 18, 12, 15)
300	āryā (12, 18, 12, 15)
301	āryā (12, 18, 12, 15)
302	āryā (12, 18, 12, 15)
303	āryā (12, 18, 12, 15)
304	āryā (12, 18, 12, 15)
305	āryā (12, 18, 12, 15)
306	āryā (12, 18, 12, 15)
307	āryā (12, 18, 12, 15)
308	āryā (12, 18, 12, 15)
309	āryā (12, 18, 12, 15)
310	āryā (12, 18, 12, 15)
311	āryā (12, 18, 12, 15)
312	āryā (12, 18, 12, 15)
313	āryā (12, 18, 12, 15)
314	āryā (12, 18, 12, 15)
315	āryā (12, 18, 12, 15)
316	āryā (12, 18, 12, 15)
317	āryā (12, 18, 12, 15)
318	āryā (12, 18, 12, 15)
319	āryā (12, 18, 12, 15)
320	āryā (12, 18, 12, 15)
321	āryā (12, 18, 12, 15)
322	āryā (12, 18, 12, 15)
323	āryā (12, 18, 12, 15)
324	āryā (12, 18, 12, 15)
325	āryā (12, 18, 12, 15)
326	āryā (12, 18, 12, 15)
327	āryā (12, 18, 12, 15)
328	āryā (12, 18, 12, 15)
329	āryā (12, 18, 12, 15)
330	āryā (12, 18, 12, 15)
331	āryā (12, 18, 12, 15)
332	āryā (12, 18, 12, 15)
333	āryā (12, 18, 12, 15)
334	āryā (12, 18, 12, 15)
335	āryā (12, 18, 12, 15)
336	āryā (12, 18, 12, 15)
337	āryā (12, 18, 12, 15)
338	āryā (12, 18, 12, 15)
339	āryā (12, 18, 12, 15)
340	āryā (12, 18, 12, 15)
341	āryā (12, 18, 12, 15)
342	āryā (12, 18, 12, 15)
343	āryā (12, 18, 12, 15)
344	āryā (12, 18, 12, 15)
345	āryā (12, 18, 12, 15)
346	āryā (12, 18, 12, 15)
347	āryā (12, 18, 12, 15)
348	āryā (12, 18, 12, 15)
349	āryā (12, 18, 12, 15)
350	āryā (12, 18, 12, 15)
351	āryā (12, 18, 12, 15)
352	āryā (12, 18, 12, 15)
353	āryā (12, 18, 12, 15)
354	āryā (12, 18, 12, 15)
355	āryā (12, 18, 12, 15)
356	āryā (12, 18, 12, 15)
357	āryā (12, 18, 12, 15)
358	āryā (12, 18, 12, 15)
359	āryā (12, 18, 12, 15)
360	āryā (12, 18, 12, 15)
361	āryā (12, 18, 12, 15)
362	āryā (12, 18, 12, 15)
363	āryā (12, 18, 12, 15)
364	āryā (12, 18, 12, 15)
365	āryā (12, 18, 12, 15)
366	āryā (12, 18, 12, 15)
367	āryā (12, 18, 12, 15)
368	āryā (12, 18, 12, 15)
369	āryā (12, 18, 12, 15)
370	āryā (12, 18, 12, 15)
371	āryā (12, 18, 12, 15)
372	āryā (12, 18, 12, 15)
373	āryā (12, 18, 12, 15)
374	āryā (12, 18, 12, 15)
375	āryā (12, 18, 12, 15)
376	āryā (12, 18, 12, 15)
377	āryā (12, 18, 12, 15)
378	āryā (12, 18, 12, 15)
379	āryā (12, 18, 12, 15)
380	āryā (12, 18, 12, 15)
381	āryā (12, 18, 12, 15)
382	āryā (12, 18, 12, 15)
383	āryā (12, 18, 12, 15)
384	āryā (12, 18, 12, 15)
385	āryā (12, 18, 12, 15)
386	āryā (12, 18, 12, 15)
387	āryā (12, 18, 12, 15)
388	āryā (12, 18, 12, 15)
389	āryā (12, 18, 12, 15)
390	āryā (12, 18, 12, 15)
391	āryā (12, 18, 12, 15)
392	āryā (12, 18, 12, 15)
393	āryā (12, 18, 12, 15)
394	āryā (12, 18, 12, 15)
395	āryā (12, 18, 12, 15)
396	āryā (12, 18, 12, 15)
397	āryā (12, 18, 12, 15)
398	āryā (12, 18, 12, 15)
399	āryā (12, 18, 12, 15)
400	āryā (12, 18, 12, 15)
401	āryā (12, 18, 12, 15)
402	āryā (12, 18, 12, 15)
403	āryā (12, 18, 12, 15)
404	āryā (12, 18, 12, 15)
405	āryā (12, 18, 12, 15)
406	āryā (12, 18, 12, 15)
407	āryā (12, 18, 12, 15)
408	āryā (12, 18, 12, 15)
409	āryā (12, 18, 12, 15)
410	āryā (12, 18, 12, 15)
411	āryā (12, 18, 12, 15)
412	āryā (12, 18, 12, 15)
413	āryā (12, 18, 12, 15)
414	āryā (12, 18, 12, 15)
415	āryā (12, 18, 12, 15)
416	āryā (12, 18, 12, 15)
417	āryā (12, 18, 12, 15)
418	āryā (12, 18, 12, 15)
419	āryā (12, 18, 12, 15)
420	āryā (12, 18, 12, 15)
421	āryā (12, 18, 12, 15)
422	āryā (12, 18, 12, 15)
423	āryā (12, 18, 12, 15)
424	āryā (12, 18, 12, 15)
425	āryā (12, 18, 12, 15)
426	āryā (12, 18, 12, 15)
427	āryā (12, 18, 12, 15)
428	āryā (12, 18, 12, 15)
429	āryā (12, 18, 12, 15)
430	āryā (12, 18, 12, 15)
431	āryā (12, 18, 12, 15)
432	āryā (12, 18, 12, 15)
433	āryā (12, 18, 12, 15)
434	āryā (12, 18, 12, 15)
435	āryā (12, 18, 12, 15)
436	āryā (12, 18, 12, 15)
437	āryā (12, 18, 12, 15)
438	āryā (12, 18, 12, 15)
439	āryā (12, 18, 12, 15)
440	āryā (12, 18, 12, 15)
441	āryā (12, 18, 12, 15)
442	āryā (12, 18, 12, 15)
443	āryā (12, 18, 12, 15)
444	āryā (12, 18, 12, 15)
445	āryā (12, 18, 12, 15)
446	āryā (12, 18, 12, 15)
447	āryā (12, 18, 12, 15)
448	āryā (12, 18, 12, 15)
449	āryā (12, 18, 12, 15)
450	āryā (12, 18, 12, 15)
451	āryā (12, 18, 12, 15)
452	āryā (12, 18, 12, 15)
453	āryā (12, 18, 12, 15)
454	āryā (12, 18, 12, 15)
455	āryā (12, 18, 12, 15)
456	āryā (12, 18, 12, 15)
457	āryā (12, 18, 12, 15)
458	āryā (12, 18, 12, 15)
459	āryā (12, 18, 12, 15)
460	āryā (12, 18, 12, 15)
461	āryā (12, 18, 12, 15)
462	āryā (12, 18, 12, 15)
463	āryā (12, 18, 12, 15)
464	āryā (12, 18, 12, 15)
465	āryā (12, 18, 12, 15)
466	āryā (12, 18, 12, 15)
467	āryā (12, 18, 12, 15)
468	āryā (12, 18, 12, 15)
469	āryā (12, 18, 12, 15)
470	āryā (12, 18, 12, 15)
471	āryā (12, 18, 12, 15)
472	āryā (12, 18, 12, 15)
473	āryā (12, 18, 12, 15)
474	āryā (12, 18, 12, 15)
475	āryā (12, 18, 12, 15)
476	āryā (12, 18, 12, 15)
477	āryā (12, 18, 12, 15)
478	āryā (12, 18, 12, 15)
479	āryā (12, 18, 12, 15)
480	āryā (12, 18, 12, 15)
481	āryā (12, 18, 12, 15)
482	āryā (12, 18, 12, 15)
483	āryā (12, 18, 12, 15)
484	āryā (12, 18, 12, 15)
485	āryā (12, 18, 12, 15)
486	āryā (12, 18, 12, 15)
487	āryā (12, 18, 12, 15)
488	āryā (12, 18, 12, 15)
489	āryā (12, 18, 12, 15)
490	āryā (12, 18, 12, 15)
491	āryā (12, 18, 12, 15)
492	āryā (12, 18, 12, 15)
493	āryā (12, 18, 12, 15)
494	āryā (12, 18, 12, 15)
495	āryā (12, 18, 12, 15)
496	āryā (12, 18, 12, 15)
497	āryā (12, 18, 12, 15)
498	āryā (12, 18, 12, 15)
499	āryā (12, 18, 12, 15)
500	āryā (12, 18, 12, 15)
501	āryā (12, 18, 12, 15)
502	āryā (12, 18, 12, 15)
503	āryā (12, 18, 12, 15)
504	āryā (12, 18, 12, 15)
505	āryā (12, 18, 12, 15)
506	āryā (12, 18, 12, 15)
507	āryā (12, 18, 12, 15)
508	āryā (12, 18, 12, 15)
509	āryā (12, 18, 12, 15)
510	āryā (12, 18, 12, 15)
511	āryā (12, 18, 12, 15)
512	āryā (12, 18, 12, 15)
513	āryā (12, 18, 12, 15)
514	āryā (12, 18, 12, 15)
515	āryā (12, 18, 12, 15)
516	āryā (12, 18, 12, 15)
517	āryā (12, 18, 12, 15)
518	āryā (12, 18, 12, 15)
519	āryā (12, 18, 12, 15)
520	āryā (12, 18, 12, 15)
521	upagīti (12, 15, 12, 15)
522	āryā (12, 18, 12, 15)
523	āryā (12, 18, 12, 15)
524	āryā (12, 18, 12, 15)
525	āryā (12, 18, 12, 15)
526	āryā (12, 18, 12, 15)
527	āryā (12, 18, 12, 15)
528	āryā (12, 18, 12, 15)
529	āryā (12, 18, 12, 15)
530	āryā (12, 18, 12, 15)
531	āryā (12, 18, 12, 15)
532	āryā (12, 18, 12, 15)
533	āryā (12, 18, 12, 15)
534	āryā (12, 18, 12, 15)
535	āryā (12, 18, 12, 15)
536	āryā (12, 18, 12, 15)
537	āryā (12, 18, 12, 15)
538	āryā (12, 18, 12, 15)
539	āryā (12, 18, 12, 15)
540	āryā (12, 18, 12, 15)
541	āryā (12, 18, 12, 15)
542	āryā (12, 18, 12, 15)
543	āryā (12, 18, 12, 15)
544	āryā (12, 18, 12, 15)
545	āryā (12, 18, 12, 15)
546	āryā (12, 18, 12, 15)
547	āryā (12, 18, 12, 15)
548	āryā (12, 18, 12, 15)
549	āryā (12, 18, 12, 15)
550	āryā (12, 18, 12, 15)
551	āryā (12, 18, 12, 15)
552	āryā (12, 18, 12, 15)
553	āryā (12, 18, 12, 15)
554	āryā (12, 18, 12, 15)
555	āryā (12, 18, 12, 15)
556	āryā (12, 18, 12, 15)
557	āryā (12, 18, 12, 15)
558	āryā (12, 18, 12, 15)
559	āryā (12, 18, 12, 15)
560	āryā (12, 18, 12, 15)
561	āryā (12, 18, 12, 15)
562	āryā (12, 18, 12, 15)
563	āryā (12, 18, 12, 15)
564	āryā (12, 18, 12, 15)
565	āryā (12, 18, 12, 15)
566	āryā (12, 18, 12, 15)
567	āryā (12, 18, 12, 15)
568	āryā (12, 18, 12, 15)
569	āryā (12, 18, 12, 15)
570	upajāti paṅkti: ajñātam [10: snyg], ajñātam [10: Btjl], ajñātam [10: sBsg], ajñātam [10: mBtl]
571	āryā (12, 18, 12, 15)
572	āryā (12, 18, 12, 15)
573	āryā (12, 18, 12, 15)
574	āryā (12, 18, 12, 15)
575	āryā (12, 18, 12, 15)
576	āryā (12, 18, 12, 15)
577	āryā (12, 18, 12, 15)
578	āryā (12, 18, 12, 15)
579	āryā (12, 18, 12, 15)
580	āryā (12, 18, 12, 15)
581	āryā (12, 18, 12, 15)
582	āryā (12, 18, 12, 15)
583	āryā (12, 18, 12, 15)
584	āryā (12, 18, 12, 15)
585	āryā (12, 18, 12, 15)
586	āryā (12, 18, 12, 15)
587	āryā (12, 18, 12, 15)
588	āryā (12, 18, 12, 15)
589	āryā (12, 18, 12, 15)
590	āryā (12, 18, 12, 15)
591	āryā (12, 18, 12, 15)
592	āryā (12, 18, 12, 15)
593	upagīti (12, 15, 12, 15)
594	āryā (12, 18, 12, 15)
595	āryā (12, 18, 12, 15)
596	āryā (12, 18, 12, 15)
597	āryā (12, 18, 12, 15)
598	udgīti (12, 15, 12, 18)
599	āryā (12, 18, 12, 15)
600	āryā (12, 18, 12, 15)
601	āryā (12, 18, 12, 15)
602	āryā (12, 18, 12, 15)
603	āryā (12, 18, 12, 15)
604	āryā (12, 18, 12, 15)
605	āryā (12, 18, 12, 15)
606	āryā (12, 18, 12, 15)
607	āryā (12, 18, 12, 15)
608	āryā (12, 18, 12, 15)
609	āryā (12, 18, 12, 15)
610	āryā (12, 18, 12, 15)
611	āryā (12, 18, 12, 15)
612	āryā (12, 18, 12, 15)
613	āryā (12, 18, 12, 15)
614	āryā (12, 18, 12, 15)
615	āryā (12, 18, 12, 15)
616	āryā (12, 18, 12, 15)
617	āryā (12, 18, 12, 15)
618	āryā (12, 18, 12, 15)
619	āryā (12, 18, 12, 15)
620	āryā (12, 18, 12, 15)
621	āryā (12, 18, 12, 15)
622	āryā (12, 18, 12, 15)
623	āryā (12, 18, 12, 15)
624	āryā (12, 18, 12, 15)
625	āryā (12, 18, 12, 15)
626	āryā (12, 18, 12, 15)
627	āryā (12, 18, 12, 15)
628	āryā (12, 18, 12, 15)
629	āryā (12, 18, 12, 15)
630	āryā (12, 18, 12, 15)
631	āryā (12, 18, 12, 15)
632	āryā (12, 18, 12, 15)
633	āryā (12, 18, 12, 15)
634	āryā (12, 18, 12, 15)
635	āryā (12, 18, 12, 15)
636	āryā (12, 18, 12, 15)
637	āryā (12, 18, 12, 15)
638	āryā (12, 18, 12, 15)
639	āryā (12, 18, 12, 15)
640	āryā (12, 18, 12, 15)
641	āryā (12, 18, 12, 15)
642	āryā (12, 18, 12, 15)
643	āryā (12, 18, 12, 15)
644	āryā (12, 18, 12, 15)
645	āryā (12, 18, 12, 15)
646	āryā (12, 18, 12, 15)
647	āryā (12, 18, 12, 15)
648	āryā (12, 18, 12, 15)
649	āryā (12, 18, 12, 15)
650	āryā (12, 18, 12, 15)
651	āryā (12, 18, 12, 15)
652	āryā (12, 18, 12, 15)
653	āryā (12, 18, 12, 15)
654	āryā (12, 18, 12, 15)
655	āryā (12, 18, 12, 15)
656	āryā (12, 18, 12, 15)
657	āryā (12, 18, 12, 15)
658	āryā (12, 18, 12, 15)
659	āryā (12, 18, 12, 15)
660	āryā (12, 18, 12, 15)
661	āryā (12, 18, 12, 15)
662	āryā (12, 18, 12, 15)
663	āryā (12, 18, 12, 15)
664	āryā (12, 18, 12, 15)
665	āryā (12, 18, 12, 15)
666	āryā (12, 18, 12, 15)
667	āryā (12, 18, 12, 15)
668	āryā (12, 18, 12, 15)
669	āryā (12, 18, 12, 15)
670	āryā (12, 18, 12, 15)
671	āryā (12, 18, 12, 15)
672	āryā (12, 18, 12, 15)
673	āryā (12, 18, 12, 15)
674	āryā (12, 18, 12, 15)
675	āryā (12, 18, 12, 15)
676	āryā (12, 18, 12, 15)
677	āryā (12, 18, 12, 15)
678	āryā (12, 18, 12, 15)
679	āryā (12, 18, 12, 15)
680	āryā (12, 18, 12, 15)
681	āryā (12, 18, 12, 15)
682	āryā (12, 18, 12, 15)
683	āryā (12, 18, 12, 15)
684	āryā (12, 18, 12, 15)
685	āryā (12, 18, 12, 15)
686	āryā (12, 18, 12, 15)
687	āryā (12, 18, 12, 15)
688	āryā (12, 18, 12, 15)
689	āryā (12, 18, 12, 15)
690	āryā (12, 18, 12, 15)
691	āryā (12, 18, 12, 15)
692	āryā (12, 18, 12, 15)
693	āryā (12, 18, 12, 15)
694	āryā (12, 18, 12, 15)
695	āryā (12, 18, 12, 15)
696	āryā (12, 18, 12, 15)
697	āryā (12, 18, 12, 15)
698	upagīti (12, 15, 12, 15)
699	āryā (12, 18, 12, 15)
700	āryā (12, 18, 12, 15)
701	āryā (12, 18, 12, 15)
702	āryā (12, 18, 12, 15)
703	āryā (12, 18, 12, 15)
704	āryā (12, 18, 12, 15)
705	āryā (12, 18, 12, 15)
706	āryā (12, 18, 12, 15)
707	āryā (12, 18, 12, 15)
708	gīti (12, 18, 12, 18)
709	āryā (12, 18, 12, 15)
710	āryā (12, 18, 12, 15)
711	āryā (12, 18, 12, 15)
712	upajāti triṣṭubh-jagatī-saṃkara?: ajñātam [12: jnny], ajñātam [12: BBtB], ajñātam [11: tnmgl], ajñātam [11: nnjlg]
713	na kiṃcid adhyavasitam
714	āryā (12, 18, 12, 15)
715	āryā (12, 18, 12, 15)
716	ajñātasamavṛtta [4: Bg] (? 2 eva pādāḥ yuktāḥ)
717	āryā (12, 18, 12, 15)
718	āryā (12, 18, 12, 15)
719	na kiṃcid adhyavasitam
720	āryā (12, 18, 12, 15)
721	āryā (12, 18, 12, 15)
722	āryā (12, 18, 12, 15)
723	āryā (12, 18, 12, 15)
724	āryā (12, 18, 12, 15)
725	āryā (12, 18, 12, 15)
726	āryā (12, 18, 12, 15)
727	āryā (12, 18, 12, 15)
729	āryā (12, 18, 12, 15)
730	āryā (12, 18, 12, 15)
731	āryā (12, 18, 12, 15)
732	āryā (12, 18, 12, 15)
733	āryā (12, 18, 12, 15)
734	āryā (12, 18, 12, 15)
735	āryā (12, 18, 12, 15)
736	āryā (12, 18, 12, 15)
737	āryā (12, 18, 12, 15)
738	āryā (12, 18, 12, 15)
739	āryā (12, 18, 12, 15)
740	āryā (12, 18, 12, 15)
741	āryā (12, 18, 12, 15)
742	āryā (12, 18, 12, 15)
743	āryā (12, 18, 12, 15)
744	āryā (12, 18, 12, 15)
745	āryā (12, 18, 12, 15)
746	āryā (12, 18, 12, 15)
747	āryā (12, 18, 12, 15)
748	āryā (12, 18, 12, 15)
749	āryā (12, 18, 12, 15)
750	āryā (12, 18, 12, 15)
751	āryā (12, 18, 12, 15)
752	āryā (12, 18, 12, 15)
753	āryā (12, 18, 12, 15)
754	āryā (12, 18, 12, 15)
755	āryā (12, 18, 12, 15)
756	āryā (12, 18, 12, 15)
757	āryā (12, 18, 12, 15)
758	āryā (12, 18, 12, 15)
759	āryā (12, 18, 12, 15)
760	na kiṃcid adhyavasitam
761	āryā (12, 18, 12, 15)
762	āryā (12, 18, 12, 15)
763	āryā (12, 18, 12, 15)
764	āryā (12, 18, 12, 15)
765	āryā (12, 18, 12, 15)
766	āryā (12, 18, 12, 15)
767	āryā (12, 18, 12, 15)
768	āryā (12, 18, 12, 15)
769	āryā (12, 18, 12, 15)
770	āryā (12, 18, 12, 15)
771	āryā (12, 18, 12, 15)
772	āryā (12, 18, 12, 15)
773	āryā (12, 18, 12, 15)
774	āryā (12, 18, 12, 15)
775	na kiṃcid adhyavasitam
776	āryā (12, 18, 12, 15)
777	āryā (12, 18, 12, 15)
778	āryā (12, 18, 12, 15)
779	āryā (12, 18, 12, 15)
780	āryā (12, 18, 12, 15)
781	āryā (12, 18, 12, 15)
782	āryā (12, 18, 12, 15)
783	āryā (12, 18, 12, 15)
784	āryā (12, 18, 12, 15)
785	āryā (12, 18, 12, 15)
786	āryā (12, 18, 12, 15)
787	ajñātasamavṛtta [7: Btl] (? 2 eva pādāḥ yuktāḥ)
788	āryā (12, 18, 12, 15)
789	āryā (12, 18, 12, 15)
790	upagīti (12, 15, 12, 15)
791	āryā (12, 18, 12, 15)
792	āryā (12, 18, 12, 15)
793	āryā (12, 18, 12, 15)
794	āryā (12, 18, 12, 15)
795	āryā (12, 18, 12, 15)
796	āryā (12, 18, 12, 15)
797	āryā (12, 18, 12, 15)
798	ajñātasamavṛtta [7: sjl] (? 2 eva pādāḥ yuktāḥ)
799	gīti (12, 18, 12, 18)
800	āryā (12, 18, 12, 15)
801	āryā (12, 18, 12, 15)
802	āryā (12, 18, 12, 15)
803	āryā (12, 18, 12, 15)
804	āryā (12, 18, 12, 15)
805	āryā (12, 18, 12, 15)
806	ajñātasamavṛtta [10: nsyl] (? 2 eva pādāḥ yuktāḥ)
807	āryā (12, 18, 12, 15)
808	āryā (12, 18, 12, 15)
809	āryā (12, 18, 12, 15)
810	āryā (12, 18, 12, 15)
811	āryā (12, 18, 12, 15)
812	āryā (12, 18, 12, 15)
813	āryā (12, 18, 12, 15)
814	gīti (12, 18, 12, 18)
815	āryā (12, 18, 12, 15)
816	na kiṃcid adhyavasitam
817	āryā (12, 18, 12, 15)
818	āryā (12, 18, 12, 15)
819	āryā (12, 18, 12, 15)
820	āryā (12, 18, 12, 15)
821	āryā (12, 18, 12, 15)
822	āryā (12, 18, 12, 15)
823	āryā (12, 18, 12, 15)
824	āryā (12, 18, 12, 15)
825	āryā (12, 18, 12, 15)
826	āryā (12, 18, 12, 15)
827	āryā (12, 18, 12, 15)
828	āryā (12, 18, 12, 15)
829	āryā (12, 18, 12, 15)
830	āryā (12, 18, 12, 15)
831	āryā (12, 18, 12, 15)
832	āryā (12, 18, 12, 15)
833	āryā (12, 18, 12, 15)
834	āryā (12, 18, 12, 15)
835	āryā (12, 18, 12, 15)
836	āryā (12, 18, 12, 15)
837	āryā (12, 18, 12, 15)
838	āryā (12, 18, 12, 15)
839	āryā (12, 18, 12, 15)
840	āryā (12, 18, 12, 15)
841	āryā (12, 18, 12, 15)
842	āryā (12, 18, 12, 15)
843	āryā (12, 18, 12, 15)
844	āryā (12, 18, 12, 15)
845	āryā (12, 18, 12, 15)
846	āryā (12, 18, 12, 15)
847	āryā (12, 18, 12, 15)
848	āryā (12, 18, 12, 15)
849	āryā (12, 18, 12, 15)
850	āryā (12, 18, 12, 15)
851	gīti (12, 18, 12, 18)
852	āryā (12, 18, 12, 15)
853	āryā (12, 18, 12, 15)
854	āryā (12, 18, 12, 15)
855	āryā (12, 18, 12, 15)
856	āryā (12, 18, 12, 15)
857	āryā (12, 18, 12, 15)
858	āryā (12, 18, 12, 15)
859	āryā (12, 18, 12, 15)
860	gīti (12, 18, 12, 18)
861	āryā (12, 18, 12, 15)
862	upagīti (12, 15, 12, 15)
863	āryā (12, 18, 12, 15)
864	āryā (12, 18, 12, 15)
865	āryā (12, 18, 12, 15)
866	āryā (12, 18, 12, 15)
867	āryā (12, 18, 12, 15)
868	āryā (12, 18, 12, 15)
869	āryā (12, 18, 12, 15)
870	āryā (12, 18, 12, 15)
871	āryā (12, 18, 12, 15)
872	āryā (12, 18, 12, 15)
873	āryā (12, 18, 12, 15)
874	āryā (12, 18, 12, 15)
875	āryā (12, 18, 12, 15)
876	āryā (12, 18, 12, 15)
877	āryā (12, 18, 12, 15)
878	āryā (12, 18, 12, 15)
879	āryā (12, 18, 12, 15)
880	gīti (12, 18, 12, 18)
881	āryā (12, 18, 12, 15)
882	upagīti (12, 15, 12, 15)
883	āryā (12, 18, 12, 15)
884	āryā (12, 18, 12, 15)
885	āryā (12, 18, 12, 15)
886	āryā (12, 18, 12, 15)
887	āryā (12, 18, 12, 15)
888	āryā (12, 18, 12, 15)
889	āryā (12, 18, 12, 15)
890	āryā (12, 18, 12, 15)
891	gīti (12, 18, 12, 18)
892	āryā (12, 18, 12, 15)
893	āryā (12, 18, 12, 15)
894	āryā (12, 18, 12, 15)
895	āryā (12, 18, 12, 15)
896	āryā (12, 18, 12, 15)
897	āryā (12, 18, 12, 15)
898	āryā (12, 18, 12, 15)
899	āryā (12, 18, 12, 15)
900	āryā (12, 18, 12, 15)
901	āryā (12, 18, 12, 15)
902	āryā (12, 18, 12, 15)
903	āryā (12, 18, 12, 15)
904	āryā (12, 18, 12, 15)
905	āryā (12, 18, 12, 15)
906	āryā (12, 18, 12, 15)
907	upagīti (12, 15, 12, 15)
908	āryā (12, 18, 12, 15)
909	āryā (12, 18, 12, 15)
910	āryā (12, 18, 12, 15)
911	āryā (12, 18, 12, 15)
912	āryā (12, 18, 12, 15)
913	āryā (12, 18, 12, 15)
914	āryā (12, 18, 12, 15)
915	upagīti (12, 15, 12, 15)
916	āryā (12, 18, 12, 15)
917	āryā (12, 18, 12, 15)
918	āryā (12, 18, 12, 15)
919	āryā (12, 18, 12, 15)
920	āryā (12, 18, 12, 15)
921	āryā (12, 18, 12, 15)
922	āryā (12, 18, 12, 15)
923	āryā (12, 18, 12, 15)
924	āryā (12, 18, 12, 15)
925	āryā (12, 18, 12, 15)
926	āryā (12, 18, 12, 15)
927	āryā (12, 18, 12, 15)
928	āryā (12, 18, 12, 15)
929	āryā (12, 18, 12, 15)
930	āryā (12, 18, 12, 15)
931	āryā (12, 18, 12, 15)
932	āryā (12, 18, 12, 15)
933	āryā (12, 18, 12, 15)
934	āryā (12, 18, 12, 15)
935	āryā (12, 18, 12, 15)
936	gīti (12, 18, 12, 18)
937	āryā (12, 18, 12, 15)
938	āryā (12, 18, 12, 15)
939	āryā (12, 18, 12, 15)
940	āryā (12, 18, 12, 15)
941	āryā (12, 18, 12, 15)
942	āryā (12, 18, 12, 15)
943	udgīti (12, 15, 12, 18)
944	na kiṃcid adhyavasitam
945	upagīti (12, 15, 12, 15)
946	āryā (12, 18, 12, 15)
947	āryā (12, 18, 12, 15)
948	āryā (12, 18, 12, 15)
949	āryā (12, 18, 12, 15)
950	āryā (12, 18, 12, 15)
951	āryā (12, 18, 12, 15)
952	āryā (12, 18, 12, 15)
953	āryā (12, 18, 12, 15)
954	āryā (12, 18, 12, 15)
955	āryā (12, 18, 12, 15)
956	gīti (12, 18, 12, 18)
957	āryā (12, 18, 12, 15)
958	āryā (12, 18, 12, 15)
959	āryā (12, 18, 12, 15)
960	gīti (12, 18, 12, 18)
961	āryā (12, 18, 12, 15)
962	āryā (12, 18, 12, 15)
963	āryā (12, 18, 12, 15)
964	na kiṃcid adhyavasitam
965	ajñātasamavṛtta [5: slg] (? 2 eva pādāḥ yuktāḥ)
966	āryā (12, 18, 12, 15)
967	āryā (12, 18, 12, 15)
968	āryā (12, 18, 12, 15)
969	āryā (12, 18, 12, 15)
970	āryā (12, 18, 12, 15)
971	gīti (12, 18, 12, 18)
972	āryā (12, 18, 12, 15)
973	āryā (12, 18, 12, 15)
974	āryā (12, 18, 12, 15)
975	āryā (12, 18, 12, 15)
976	āryā (12, 18, 12, 15)
977	gīti (12, 18, 12, 18)
978	āryā (12, 18, 12, 15)
979	āryā (12, 18, 12, 15)
980	āryā (12, 18, 12, 15)
981	āryā (12, 18, 12, 15)
982	āryā (12, 18, 12, 15)
983	gīti (12, 18, 12, 18)
984	āryā (12, 18, 12, 15)
985	āryā (12, 18, 12, 15)
986	āryā (12, 18, 12, 15)
987	āryā (12, 18, 12, 15)
988	āryā (12, 18, 12, 15)
989	āryā (12, 18, 12, 15)
990	āryā (12, 18, 12, 15)
991	āryā (12, 18, 12, 15)
992	āryā (12, 18, 12, 15)
993	āryā (12, 18, 12, 15)
994	gīti (12, 18, 12, 18)
995	āryā (12, 18, 12, 15)
996	gīti (12, 18, 12, 18)
997	āryā (12, 18, 12, 15)
998	gīti (12, 18, 12, 18)
999	āryā (12, 18, 12, 15)
1000	gīti (12, 18, 12, 18)
samāptam: 10.285894s